1 18270 1 84
2 10309 1 Ada
3 10858 1 ель
4 10866 1 картофель
5 10314 1 Сальвадор
6 10867 1 апельсин
7 18210 1 пингвин
8 10310 1 Соликамск
9 10863 1 Haskell
10 10315 1 Банда
11 10864 1 Вологда
12 18255 1 30
13 10320 1 Эри
14 18225 1 грач
15 10860 1 камбала
16 10316 1 Суматра
17 10308 1 ягуар
18 10857 1 бинтуронг
19 18285 1 104
20 10865 1 акушер
21 12850 1 пекари
22 18184 1 15
23 10313 1 Москва
24 18169 1 8
25 16009 1 география
26 10307 1 лиственница
27 18031 1 скользя
28 10859 1 Ангара
29 10319 1 тыква
30 10321 1 кереки
31 10856 1 суслик
32 10317 1 Долгопёр
33 10238 1 тюлень
34 10322 1 кардиолог
35 10318 1 Гуарана
36 18240 1 75