1 10336 10 53
2 10327 10 80
3 10333 10 15
4 11033 10 84
5 10328 10 70
6 10334 10 71
7 10329 10 63
8 11029 10 39
9 10324 10 61
10 10330 10 48
11 18264 10 7
12 10331 10 28
13 10325 10 24
14 11032 10 73
15 18193 10 71
16 11030 10 42
17 18294 10 2
18 18234 10 57
19 10326 10 44
20 16018 10 102
21 12859 10 146
22 11028 10 38
23 11035 10 103
24 18249 10 6
25 18178 10 60
26 10335 10 92
27 11031 10 129
28 10382 10 71
29 18219 10 53
30 18040 10 118
31 10337 10 92
32 11036 10 127
33 10323 10 35
34 11034 10 69
35 11037 10 51
36 18279 10 3