1 18761 11 разлука
2 10517 11 800
3 10520 11 Семен
4 10531 11 судья
5 10503 11 Овсяников
6 10534 11 Родион
7 11311 11 служанка
8 11305 11 Щелколобов
9 11304 11 доктор
10 10509 11 Евгений
11 10513 11 Сергей
12 11306 11 подпоручик
13 18235 11 Сорренто
14 18280 11 поэзия
15 10565 11 купец
16 11307 11 беллетрист
17 10533 11 Андрей
18 18220 11 60
19 11314 11 Кулигин
20 11310 11 Чечня
21 18295 11 июль
22 18194 11 дрозды
23 11308 11 Лев
24 11319 11 купец
25 18250 11 Роланд
26 11320 11 чиновник
27 10511 11 Анненков
28 16019 11 Интеллигентное бревно
29 10532 11 Андрий
30 18179 11 огонь
31 10536 11 Дубровский
32 10506 11 Три встречи
33 12860 11 Наполеон
34 10523 11 Платон
35 18265 11 Ирина
36 10515 11 философ