1 10518 12 12
2 18221 12 17
3 10512 12 14
4 18195 12 27
5 10514 12 11
6 10600 12 3
7 11329 12 4
8 18266 12 7
9 10510 12 10
10 10596 12 31
11 18180 12 20
12 11327 12 7
13 18251 12 12
14 11330 12 12
15 18236 12 13
16 11326 12 10
17 10522 12 33
18 18042 12 5
19 11323 12 2
20 10524 12 25
21 10507 12 11
22 11324 12 5
23 10504 12 16
24 11322 12 3
25 18296 12 13
26 10598 12 3
27 11331 12 5
28 10599 12 2
29 18762 12 5
30 16020 12 3
31 18281 12 15
32 11328 12 3
33 12861 12 17
34 10601 12 4
35 10516 12 16
36 10597 12 17
37 11325 12 12