1 10591 13 0 2
2 10590 13 0 2
3 18124 13 0 2
4 10587 13 0 2
5 10586 13 0 2
6 11239 13 0 2
7 11076 13 0 2
8 18252 13 0 2
9 10593 13 0 2
10 10583 13 0 2
11 10584 13 0 2
12 11079 13 0 2
13 11077 13 0 2
14 10594 13 0 2
15 11241 13 0 2
16 11078 13 0 2
17 10581 13 0 2
18 10589 13 0 2
19 11250 13 0 2
20 10582 13 0 2
21 10585 13 0 2
22 10588 13 0 2
23 11248 13 0 2
24 10592 13 0 2
25 16021 13 0 2
26 18282 13 0 2
27 11252 13 0 2
28 18222 13 0 2
29 11244 13 0 2
30 18181 13 0 2
31 10595 13 0 2
32 12862 13 0 2