1 10573 14 0 3
2 10579 14 0 3
3 11041 14 0 3
4 10577 14 0 3
5 10571 14 0 3
6 11048 14 0 3
7 18238 14 0 3
8 18268 14 0 3
9 10566 14 0 3
10 18197 14 0 3
11 10569 14 0 3
12 10570 14 0 3
13 11044 14 0 3
14 11042 14 0 3
15 10575 14 0 3
16 10576 14 0 3
17 18125 14 0 3
18 18253 14 0 3
19 18182 14 0 3
20 11046 14 0 3
21 18283 14 0 3
22 10567 14 0 3
23 11050 14 0 3
24 16022 14 0 3
25 11047 14 0 3
26 10568 14 0 3
27 10574 14 0 3
28 11054 14 0 3
29 18298 14 0 3
30 18223 14 0 3
31 10572 14 0 3
32 10578 14 0 3
33 11040 14 0 3
34 11051 14 0 3
35 10580 14 0 3