1 959 15 0 2
2 1134 15 0 2
3 300 15 0 2
4 461 15 0 2
5 18239 15 0 2
6 1253 15 0 2
7 1114 15 0 2
8 1233 15 0 2
9 4609 15 0 2
10 764 15 0 2
11 541 15 0 2
12 621 15 0 2
13 521 15 0 2
14 220 15 0 2
15 919 15 0 2
16 441 15 0 2
17 18254 15 0 2
18 80 15 0 2
19 341 15 0 2
20 1031 15 0 2
21 1273 15 0 2
22 661 15 0 2
23 701 15 0 2
24 421 15 0 2
25 561 15 0 2
26 983 15 0 2
27 240 15 0 2
28 4501 15 0 2
29 340 15 0 2
30 858 15 0 2
31 180 15 0 2
32 1071 15 0 2
33 361 15 0 2
34 1154 15 0 2
35 140 15 0 2
36 381 15 0 2
37 200 15 0 2
38 939 15 0 2
39 899 15 0 2
40 681 15 0 2
41 320 15 0 2
42 1091 15 0 2
43 601 15 0 2
44 1051 15 0 2
45 18224 15 0 2
46 4637 15 0 2
47 18198 15 0 2
48 18183 15 0 2
49 878 15 0 2
50 816 15 0 2
51 20 15 0 2
52 100 15 0 2
53 280 15 0 2
54 260 15 0 2
55 5085 15 0 2
56 401 15 0 2
57 18299 15 0 2
58 501 15 0 2
59 721 15 0 2
60 641 15 0 2
61 40 15 0 2
62 160 15 0 2
63 18269 15 0 2
64 836 15 0 2
65 581 15 0 2
66 18284 15 0 2
67 18436 15 0 2
68 18126 15 0 2
69 60 15 0 2
70 963 15 0 2
71 481 15 0 2
72 784 15 0 2
73 1174 15 0 2
74 16023 15 0 2
75 120 15 0 2