1 67 2 СОН
2 4630 2 5
3 970 2 АДЖЛДЛАЛ
4 6189 2 7
5 1078 2 ВВОД
6 4717 2 ДАР
7 6421 2 ДВОР
8 4916 2 5
9 27 2 КОД
10 668 2 5
11 16010 2 ВИТЬ
12 6260 2 ДО
13 1018 2 РИТА
14 1121 2 УЖАТАХТ
15 1101 2 5
16 5393 2 НМАУАСМ
17 1038 2 ВИТЕ
18 488 2 HATE
19 7 2 НОС
20 247 2 ННКНЛКИ
21 18271 2 РУДА
22 5618 2 8
23 428 2 ВИТЬ
24 368 2 ГАТЬ
25 147 2 ОЛИМП
26 886 2 МОРС
27 388 2 ДЕДА
28 408 2 ЖИТЬ
29 528 2 ICE
30 18256 2 4
31 5552 2 РУДА
32 865 2 ГОЛОВА
33 4893 2 ВОР
34 4835 2 ДЕ
35 1240 2 5
36 207 2 ПОЛЕТ
37 4598 2 ПОЛЕТ
38 1161 2 ГБДАДА
39 47 2 СОДА
40 803 2 ЛАК
41 4644 2 АИНГЧАН
42 5800 2 ВОДА
43 708 2 АДЖЛДЛАЛ
44 327 2 БИТЬ
45 87 2 АДА
46 6197 2 7
47 5755 2 АБ
48 5775 2 ГБЕАЕА
49 18185 2 НАИГАЧ
50 823 2 ИКС
51 588 2 ЛАК
52 5655 2 ОДА
53 167 2 ЛИМОН
54 12851 2 ВОРОТА
55 348 2 ДАТА
56 5386 2 ЖИТЬ
57 18170 2 АИНГЧАН
58 4958 2 ОДА
59 926 2 ВОРС
60 5886 2 АДА
61 548 2 БЫК
62 287 2 МННРЛ
63 845 2 ВЕТЕР
64 4776 2 ВЕДИ
65 688 2 5
66 107 2 САН
67 4932 2 РОД
68 946 2 ВЕКО
69 4742 2 5
70 448 2 FAT
71 18226 2 6
72 508 2 GATE
73 648 2 ТЕМА
74 6354 2 6
75 5311 2 6
76 18423 2 ОБЛАКО
77 6221 2 5
78 628 2 БСИС
79 18286 2 ОВОД
80 771 2 СЕД
81 18211 2 7
82 468 2 CAT
83 4548 2 ВЕЗИ
84 5307 2 ОВОД
85 5264 2 МННРЛ
86 906 2 РОК
87 18241 2 5
88 568 2 МАК
89 5124 2 АМУНСАН
90 751 2 КОЛ
91 267 2 АДЛТДДТАТ
92 1141 2 8
93 127 2 ОДА
94 5217 2 ОЛИМП
95 608 2 МАШ
96 187 2 ЛЕСКА
97 227 2 МАМГЮКА
98 6308 2 6
99 4585 2 РОВ
100 4689 2 6