1 10873 3 8
2 10635 3 7
3 18033 3 102
4 10871 3 2
5 10868 3 12
6 10872 3 5
7 10869 3 15
8 18287 3 3
9 12852 3 16
10 18272 3 7
11 10642 3 6
12 10636 3 10
13 18227 3 98
14 10645 3 8
15 10639 3 18
16 10877 3 10
17 18186 3 100
18 16011 3 6
19 10632 3 2
20 10874 3 18
21 18424 3 18
22 18171 3 9999
23 18212 3 21
24 10643 3 5
25 10644 3 9
26 10634 3 8
27 18257 3 6
28 10646 3 4
29 10633 3 2
30 10875 3 16
31 10637 3 8
32 10638 3 19
33 10640 3 16
34 18242 3 7
35 10870 3 3
36 10641 3 10
37 10876 3 15