1 5797 4 6
2 18273 4 9
3 263 4 5
4 5500 4 9
5 18258 4 13
6 18213 4 10
7 942 4 7
8 23 4 9
9 564 4 1
10 624 4 4
11 484 4 5
12 664 4 6
13 123 4 7
14 1137 4 8
15 43 4 10
16 18425 4 8
17 1157 4 5
18 4500 4 8
19 16012 4 7
20 819 4 3
21 404 4 7
22 364 4 6
23 323 4 13
24 3 4 6
25 344 4 5
26 12853 4 15
27 1117 4 6
28 6267 4 13
29 303 4 11
30 922 4 5
31 464 4 4
32 444 4 7
33 4564 4 7
34 882 4 6
35 18187 4 12
36 544 4 3
37 966 4 2
38 799 4 4
39 704 4 5
40 163 4 6
41 223 4 8
42 902 4 6
43 18228 4 3
44 384 4 6
45 684 4 8
46 243 4 8
47 83 4 9
48 18172 4 8
49 841 4 12
50 183 4 6
51 861 4 6
52 644 4 6
53 18243 4 11
54 18034 4 8
55 203 4 7
56 143 4 6
57 524 4 6
58 103 4 10
59 283 4 8
60 424 4 6
61 4556 4 8
62 1216 4 8
63 1256 4 9
64 63 4 7
65 1097 4 6
66 504 4 5
67 18288 4 11