1 10884 5 3
2 10880 5 4
3 18244 5 2
4 18289 5 21111
5 10457 5 11
6 18214 5 7
7 10455 5 4
8 10389 5 5
9 10456 5 13
10 18274 5 11212
11 10879 5 6
12 18229 5 5
13 10393 5 3
14 10886 5 13
15 10878 5 3
16 10386 5 7
17 10385 5 5
18 18259 5 3
19 10881 5 20
20 10388 5 6
21 18035 5 22111
22 10882 5 16
23 10387 5 13
24 10384 5 12
25 18173 5 1
26 10883 5 4
27 10454 5 6
28 10392 5 7
29 10390 5 8
30 10887 5 5
31 18188 5 4
32 10885 5 9
33 10391 5 3
34 10383 5 10
35 16013 5 21222
36 12854 5 3