1 1111 7 ГБАВЖДЕ
2 18037 7 7425316
3 18291 7 7513264
4 498 7 БАГВ
5 4940 7 ДВБЕАГ
6 936 7 ЖАВДБЕГ
7 698 7 ДГБЕВЖА
8 418 7 ЕАЖБДГВ
9 18276 7 7413265
10 18428 7 7413265
11 317 7 АДЖБЕГВ
12 18216 7 674573728
13 77 7 ЖБАЕГВД
14 578 7 АБЖВЕДГ
15 257 7 ЖДАВБЕГ
16 237 7 ВДЕАБГЖ
17 916 7 АЕВБГДЖ
18 18261 7 162563647
19 197 7 ЖГБДВАЕ
20 1068 7 АБЕЖДГВ
21 297 7 ЕВДГЖБА
22 638 7 АБВЕГДЖ
23 18175 7 6725748
24 678 7 ВБГЕДЖА
25 980 7 ЖГАВБЕД
26 18190 7 679573748
27 1171 7 ГЖДАЕВБ
28 478 7 БВГА
29 378 7 ГВЕЖДБА
30 813 7 ВБГЖЕАД
31 956 7 АЖЕБДВГ
32 618 7 ГБЖВЕАД
33 57 7 ГЖДЕБАВ
34 16015 7 2517436
35 1151 7 ВЖДГЕАБ
36 1131 7 БЕАДВЖГ
37 398 7 ВЖДБАЕГ
38 277 7 ЖГАВБЕД
39 5545 7 6231547
40 117 7 ДГЖВБАЕ
41 1250 7 ЖГБДАЕВ
42 1088 7 ЖГАВБЕД
43 337 7 ЕБВАГДЖ
44 1270 7 БЕДГВАЖ
45 761 7 ЕЖГАВДБ
46 781 7 БГВДАЖЕ
47 157 7 ДАЕВЖБГ
48 458 7 БАГВ
49 4499 7 АЖГЕВБД
50 12856 7 7612534
51 833 7 БЕЖАВДГ
52 896 7 ГЖВБЕАД
53 1048 7 ГВБДАЖЕ
54 718 7 ЖГАВБЕД
55 518 7 АГВБ
56 1028 7 ДБЕГВАЖ
57 177 7 АЖВДБГЕ
58 18246 7 67987274735
59 18231 7 174579738
60 558 7 ЕБЖАГДВ
61 438 7 ЕАГДБЖВ
62 358 7 БВЕДАЖГ
63 658 7 ГБВЖЕДА
64 97 7 ЕАВДЖБГ
65 37 7 ЖГБЕВДА
66 137 7 БДВАГЖЕ
67 855 7 ЕВДАГЖБ
68 217 7 БГЕВАДЖ
69 598 7 БВЖЕГДА
70 538 7 ГВБА
71 17 7 ВБГЕДЖА
72 875 7 БВГАЖЕД
73 5276 7 513462