1 10959 8 326
2 10484 8 2200
3 10962 8 2100
4 10964 8 3300
5 10963 8 2700
6 10488 8 2500
7 18247 8 8
8 10480 8 2800
9 10502 8 9600
10 18232 8 1700
11 10477 8 20
12 10479 8 2300
13 10483 8 5400
14 10961 8 2600
15 18191 8 2500
16 18176 8 1700
17 10476 8 140
18 10478 8 2520
19 10956 8 2300
20 10487 8 4000
21 18262 8 16
22 10482 8 1500
23 10486 8 1000
24 10965 8 1200
25 18292 8 1200
26 10485 8 1500
27 18123 8 900
28 16016 8 8770
29 10957 8 3270
30 10958 8 1500
31 10481 8 3400
32 12857 8 1000
33 10473 8 570
34 10960 8 338
35 18277 8 1050
36 18217 8 1100