1 18293 9 13
2 10249 9 9
3 10247 9 10
4 11023 9 5
5 18248 9 19
6 18233 9 14
7 11021 9 38
8 10254 9 5
9 11017 9 16
10 11020 9 21
11 10257 9 10
12 18278 9 14
13 16017 9 22
14 18430 9 10
15 10244 9 10
16 11025 9 16
17 10253 9 17
18 11019 9 21
19 11024 9 5
20 18192 9 15
21 10255 9 11
22 10252 9 14
23 18177 9 16
24 18039 9 6
25 11016 9 32
26 12858 9 10
27 10245 9 12
28 11027 9 18
29 18218 9 12
30 10250 9 9
31 10258 9 20
32 18263 9 26
33 10248 9 13
34 11022 9 34
35 10246 9 20
36 10256 9 9
37 10251 9 20